EXACTA PAYOUT CHART
1st 2nd Prize 1 / Probability
1 2 $ 14.00 21.0
1 3 $ 17.50 26.3
1 4 $ 24.50 36.8
1 5 $ 31.50 47.4
1 6 $ 35.00 52.6
1 7 $ 38.50 57.9
1 8 $ 42.00 63.1
1 9 $ 52.50 78.9
1 10 $ 70.00 105.2
1 11 $ 87.50 131.6
1 12 $ 105.00 157.9
2 1 $ 15.00 22.6
2 3 $ 25.00 37.6
2 4 $ 35.00 52.6
2 5 $ 45.00 67.7
2 6 $ 50.00 75.2
2 7 $ 55.00 82.7
2 8 $ 60.00 90.2
2 9 $ 75.00 112.8
2 10 $ 100.00 150.3
2 11 $ 125.00 187.9
2 12 $ 150.00 225.5
3 1 $ 19.50 29.3
3 2 $ 26.00 39.1
3 4 $ 45.50 68.4
3 5 $ 58.50 87.9
3 6 $ 65.00 97.7
3 7 $ 71.50 107.5
3 8 $ 78.00 117.3
3 9 $ 97.50 146.6
3 10 $ 130.00 195.4
3 11 $ 162.50 244.3
3 12 $ 195.00 293.1
4 1 $ 28.50 42.8
4 2 $ 38.00 57.1
4 3 $ 47.50 71.4
4 5 $ 85.50 128.5
4 6 $ 95.00 142.8
4 7 $ 104.50 157.1
4 8 $ 114.00 171.4
4 9 $ 142.50 214.2
4 10 $ 190.00 285.6
4 11 $ 237.50 357.0
4 12 $ 285.00 428.4
5 1 $ 37.50 56.4
5 2 $ 50.00 75.2
5 3 $ 62.50 94.0
5 4 $ 87.50 131.5
5 6 $ 125.00 187.9
5 7 $ 137.50 206.7
5 8 $ 150.00 225.5
5 9 $ 187.50 281.9


5 10 $ 250.00 375.8 5 11 $ 313.00 469.8 5 12 $ 375.50 563.7 6 1 $ 42.00 63.1 6 2 $ 56.00 84.2 6 3 $ 70.00 105.2 6 4 $ 98.00 147.3 6 5 $ 126.00 189.4 6 7 $ 154.00 231.5 6 8 $ 168.00 252.5 6 9 $ 210.00 315.7 6 10 $ 280.00 420.9 6 11 $ 350.50 526.1 6 12 $ 420.50 631.3 7 1 $ 46.50 69.9 7 2 $ 62.00 93.2 7 3 $ 77.50 116.5 7 4 $ 108.50 163.1 7 5 $ 139.50 209.7 7 6 $ 155.00 233.0 7 8 $ 186.00 279.6 7 9 $ 232.50 349.5 7 10 $ 310.00 466.0 7 11 $ 388.00 582.5 7 12 $ 465.50 699.0 8 1 $ 51.00 76.7 8 2 $ 68.00 102.2 8 3 $ 85.00 127.8 8 4 $ 119.00 178.9 8 5 $ 153.00 230.0 8 6 $ 170.00 255.5 8 7 $ 187.00 281.1 8 9 $ 255.00 383.3 8 10 $ 340.50 511.1 8 11 $ 425.50 638.9 8 12 $ 510.50 766.6 9 1 $ 64.50 97.0 9 2 $ 86.00 129.3 9 3 $ 107.50 161.6 9 4 $ 150.50 226.2 9 5 $ 193.50 290.9 9 6 $ 215.00 323.2 9 7 $ 236.50 355.5 9 8 $ 258.00 387.8 9 10 $ 430.50 646.4 9 11 $ 538.00 808.0 9 12 $ 645.50 969.5
10
1 $ 87.00 130.8
10
2 $ 116.00 174.4
10
3 $ 145.00 218.0
10
4 $ 203.00 305.1
10
5 $ 261.00 392.3
10
6 $ 290.00 435.9
10
7 $ 319.00 479.5
10
8 $ 348.50 523.1